# Header !
# nb_nodes;RouteMaxDuration;TotalMaxDuration
17;600;1440
# Beginning of nodes section
#ID;Category;Priority;Profit;Probability;TimeWindows
960;1;1;0;1;1:0-720,2:0-720,3:0-720
212;1;1;3126;1;1:120-300,1:420-540
84;1;2;9128;1;2:60-660,3:60-660
1259;5;3;1420;0.1;2:60-300,2:360-540
858;5;2;1554;0.1;3:60-180,3:300-480
1240;4;3;309;0.15;2:120-300
1073;5;2;5304;0.1;1:60-660,2:60-660,3:60-660
996;5;3;3025;0.1;1:60-660
42;5;2;4414;0.1;2:120-300,2:420-540,3:120-300,3:420-540
1266;5;2;297;0.1;2:180-240,3:60-660 
765;1;2;285;1;3:480-540
814;5;1;5182;0.1;3:120-300,3:420-540
898;1;3;428;1;3:60-300,3:360-540
231;5;2;1975;0.1;1:90-150
188;1;2;15120;1;2:450-510,3:450-510
69;5;2;2627;0.1;2:60-660
755;1;2;2927;1;1:60-660,2:60-660
# Beginning of arcs section
# origin;destination;time in minutes
996;996;0
996;212;25
996;755;20
996;898;59
996;42;24
996;858;29
996;1073;29
996;1266;24
996;1240;28
996;69;26
996;960;26
996;188;25
996;765;28
996;814;27
996;231;28
996;84;26
996;1259;122
212;996;25
212;212;0
212;755;8
212;898;42
212;42;4
212;858;10
212;1073;11
212;1266;7
212;1240;12
212;69;6
212;960;7
212;188;13
212;765;8
212;814;7
212;231;7
212;84;7
212;1259;118
755;996;20
755;212;8
755;755;0
755;898;45
755;42;6
755;858;11
755;1073;13
755;1266;6
755;1240;11
755;69;7
755;960;10
755;188;8
755;765;10
755;814;9
755;231;10
755;84;7
755;1259;113
898;996;59
898;212;42
898;755;45
898;898;0
898;42;42
898;858;37
898;1073;34
898;1266;43
898;1240;35
898;69;41
898;960;39
898;188;39
898;765;39
898;814;40
898;231;38
898;84;41
898;1259;89
42;996;24
42;212;4
42;755;6
42;898;42
42;42;0
42;858;6
42;1073;8
42;1266;3
42;1240;9
42;69;2
42;960;4
42;188;10
42;765;5
42;814;4
42;231;5
42;84;2
42;1259;115
858;996;29
858;212;10
858;755;11
858;898;37
858;42;6
858;858;0
858;1073;8
858;1266;6
858;1240;5
858;69;4
858;960;6
858;188;10
858;765;1
858;814;5
858;231;4
858;84;4
858;1259;112
1073;996;29
1073;212;11
1073;755;13
1073;898;34
1073;42;8
1073;858;8
1073;1073;0
1073;1266;9
1073;1240;12
1073;69;7
1073;960;5
1073;188;16
1073;765;8
1073;814;6
1073;231;4
1073;84;8
1073;1259;111
1266;996;24
1266;212;7
1266;755;6
1266;898;43
1266;42;3
1266;858;6
1266;1073;9
1266;1266;0
1266;1240;9
1266;69;3
1266;960;5
1266;188;8
1266;765;5
1266;814;4
1266;231;6
1266;84;2
1266;1259;112
1240;996;28
1240;212;12
1240;755;11
1240;898;35
1240;42;9
1240;858;5
1240;1073;12
1240;1266;9
1240;1240;0
1240;69;7
1240;960;10
1240;188;7
1240;765;5
1240;814;8
1240;231;8
1240;84;7
1240;1259;108
69;996;26
69;212;6
69;755;7
69;898;41
69;42;2
69;858;4
69;1073;7
69;1266;3
69;1240;7
69;69;0
69;960;3
69;188;10
69;765;3
69;814;2
69;231;3
69;84;1
69;1259;114
960;996;26
960;212;7
960;755;10
960;898;39
960;42;4
960;858;6
960;1073;5
960;1266;5
960;1240;10
960;69;3
960;960;0
960;188;13
960;765;6
960;814;3
960;231;2
960;84;4
960;1259;116
188;996;25
188;212;13
188;755;8
188;898;39
188;42;10
188;858;10
188;1073;16
188;1266;8
188;1240;7
188;69;10
188;960;13
188;188;0
188;765;10
188;814;11
188;231;13
188;84;9
188;1259;105
765;996;28
765;212;8
765;755;10
765;898;39
765;42;5
765;858;1
765;1073;8
765;1266;5
765;1240;5
765;69;3
765;960;6
765;188;10
765;765;0
765;814;4
765;231;4
765;84;3
765;1259;113
814;996;27
814;212;7
814;755;9
814;898;40
814;42;4
814;858;5
814;1073;6
814;1266;4
814;1240;8
814;69;2
814;960;3
814;188;11
814;765;4
814;814;0
814;231;2
814;84;3
814;1259;115
231;996;28
231;212;7
231;755;10
231;898;38
231;42;5
231;858;4
231;1073;4
231;1266;6
231;1240;8
231;69;3
231;960;2
231;188;13
231;765;4
231;814;2
231;231;0
231;84;4
231;1259;114
84;996;26
84;212;7
84;755;7
84;898;41
84;42;2
84;858;4
84;1073;8
84;1266;2
84;1240;7
84;69;1
84;960;4
84;188;9
84;765;3
84;814;3
84;231;4
84;84;0
84;1259;113
1259;996;122
1259;212;118
1259;755;113
1259;898;89
1259;42;115
1259;858;112
1259;1073;111
1259;1266;112
1259;1240;108
1259;69;114
1259;960;116
1259;188;105
1259;765;113
1259;814;115
1259;231;114
1259;84;113
1259;1259;0
